4 474 422
4 524 422
4 424 422
4 574 422
4 374 422
4 324 422
4 274 422
4 624 422
4 674 422
4 224 422
4 174 422
4 124 422
4 74 402
4 74 362
4 74 342
4 74 322
4 74 302
4 74 282
4 724 422
4 774 422
4 824 422
4 874 422
4 924 422
4 974 422
4 74 422
4 74 382
4 74 262
4 74 242
4 74 222
4 74 202
4 74 182
4 74 162
4 74 142
4 74 122
2 924 402
2 124 402
2 174 402
2 224 402
2 274 402
2 324 402
2 374 402
2 424 402
2 474 402
2 524 402
2 574 402
2 624 402
2 674 402
2 724 402
2 124 382
2 174 382
2 874 402
2 774 402
2 824 402
6 500 200
6 570 200
6 640 200
6 710 200
